296
84
248
386
93
240
23
178
146
173
80
36
383
25
112
77
444
141
72
123
238
338
26
171
21
408
412
288
79
409
159
336
43
19
334
151
38
297
246
172
180
406
107
140
137
111
102
188
83
58
236
233
282
293
428
253
260
202
139
252
227
15
135
40
370
410
192
124
118
222
280
283
144
9
97
90
94
56
99
230
103
42
353
232
68
298
201
117
218
17
223
61
290
0
300
145
113
400
44
262
30
190
402
268
35
292
65
129
54
31
86
247
212
371
189
109
2
395
122
244
281
176
57
430
251
445
426
63
216
64
104
24
101
175
108
369
66
163
204
128
259
301
427
59
287
100
67
185
243
55
170
131
161
284
191
231
196
228
267
16
133
48
76
387
74
14
200
148
116
365
226
199
250
315
313
215
53
266
183
279
96
127
71
337
106
335
4
299
98
316
174
78
203
388
278
12
217
73
46
92
187
219
125
264
221
294
285
41
407
1
289
198
