11
197
317
132
429
347
138
416
343
320
304
411
181
345
153
206
403
357
258
339
333
417
346
255
394
364
362
120
440
239
331
341
276
433
149
49
306
22
368
437
420
418
273
358
272
241
422
302
303
237
405
235
324
393
160
363
7
305
401
376
143
229
359
20
329
167
126
193
399
13
348
307
356
50
330
194
366
274
8
349
309
373
344
435
328
156
425
195
441
384
89
352
374
168
211
213
361
326
414
162
214
372
389
85
390
423
166
318
28
88
322
421
291
82
136
27
367
150
321
327
275
119
325
134
234
434
32
438
257
340
308
355
310
380
254
419
439
342
354
81
256
382
34
69
210
